Tour : 1
[[ 1  4  7 10]
 [ 8 11  2  5]
 [ 3  6  9 12]]

Tour : 2
[[ 1  4  7 10]
 [12  9  2  5]
 [ 3  6 11  8]]

Tour : 3
[[10  7  4  1]
 [ 5  2 11  8]
 [12  9  6  3]]

Tour : 4
[[10  7  4  1]
 [ 5  2  9 12]
 [ 8 11  6  3]]

Tour : 5
[[10  7  2  5]
 [ 1  4 11  8]
 [12  9  6  3]]

Tour : 6
[[10  7  2  5]
 [ 1  4  9 12]
 [ 8 11  6  3]]

Tour : 7
[[ 8 11  6  3]
 [ 1  4  9 12]
 [10  7  2  5]]

Tour : 8
[[12  9  6  3]
 [ 1  4 11  8]
 [10  7  2  5]]

Tour : 9
[[ 5  2  7 10]
 [ 8 11  4  1]
 [ 3  6  9 12]]

Tour : 10
[[ 5  2  7 10]
 [12  9  4  1]
 [ 3  6 11  8]]

Tour : 11
[[ 3  6 11  8]
 [12  9  4  1]
 [ 5  2  7 10]]

Tour : 12
[[ 3  6  9 12]
 [ 8 11  4  1]
 [ 5  2  7 10]]

Tour : 13
[[ 3  6 11  8]
 [12  9  2  5]
 [ 1  4  7 10]]

Tour : 14
[[ 3  6  9 12]
 [ 8 11  2  5]
 [ 1  4  7 10]]

Tour : 15
[[ 8 11  6  3]
 [ 5  2  9 12]
 [10  7  4  1]]

Tour : 16
[[12  9  6  3]
 [ 5  2 11  8]
 [10  7  4  1]]

Total : 16